x
1 0.666366745392881
2 0.614300282116482
3 0.990059085759865
4 0.727035131168812
5 0.574400879193934
6 0.961216804507279
7 0.791836209014479
8 0.549226270051226
9 0.916274317460631
10 0.855634354821367
11 0.540310546745653
12 0.859465627274523
13 0.913020816562331
14 0.54818199427303
15 0.795909568622799
16 0.958841320080304
17 0.572374612843129
18 0.731015566745341
19 0.988789420040569
20 0.611417804419412
21 0.669949444253653
22 0.999960827417674
23 0.662817961369183
24 0.617230638219364
25 0.99125428485967
26 0.723071068995164
27 0.576485022196244
28 0.96352889881816
29 0.787759024788576
30 0.550334409962843
31 0.919481157301567
32 0.851777946625377
33 0.540376470931675
34 0.863270440189559
35 0.909721840267583
36 0.547201825560528
37 0.799977784713449
38 0.956403346027634
39 0.570406714334183
40 0.73501117805994
41 0.987445780836918
42 0.608583948080286
43 0.673565059665817
44 0.999843325015127
45 0.659304076308518
46 0.620208114167993
47 0.992374552663789
48 0.719124567298015
49 0.578626534946618
50 0.965776724822844
51 0.783679330311021
52 0.551506155742815
53 0.922640164050383
54 0.847897730184077
55 0.540508304188228
56 0.867047474039951
57 0.906378587279118
58 0.546285991536423
59 0.804039534310583
60 0.953903804653362
61 0.568497659162202
62 0.739020757161725
63 0.986028689462143
64 0.605799440406546
65 0.677212579338368
66 0.999647538816758
67 0.655826060031135
68 0.623231935836399
69 0.993419453220166
70 0.715196802264638
71 0.580824894812507
72 0.967959427108159
73 0.779598434963957
74 0.552741233769289
75 0.925750179880196
76 0.843995036135214
77 0.540706016282565
78 0.870795414138629
79 0.90299226875499
80 0.545434704536177
81 0.808093490829612
82 0.951343639579128
83 0.566647907146516
84 0.743043086128806
85 0.984538695111335
86 0.603064993029241
87 0.680890977137955
88 0.999373545500257
89 0.652384867913855
90 0.626301313580225
91 0.994388579550175
92 0.711288938910725
93 0.583079563418264
94 0.9700761735041
95 0.775517642705054
96 0.554039355038984
97 0.928810061750628
98 0.840071197699607
99 0.540969561861158
100 0.874512951212444
101 0.899564107720386
102 0.544648161629352
103 0.812138324552615
104 0.948723815238889
105 0.564857902451582
106 0.747076937393342
107 0.982976374550103
108 0.600381301876152
109 0.684599213260593
110 0.999021452352172
111 0.648981440760435
112 0.629415442289963
113 0.995281553881769
114 0.707402130805051
115 0.585389986633381
116 0.972126155539249
117 0.771438251635916
118 0.555400215142025
119 0.931818681982888
120 0.836127550129209
121 0.541298880444438
122 0.878198781980053
123 0.896095338478182
124 0.543926544639854
125 0.816172703111966
126 0.946045316365025
127 0.563128073609131
128 0.75112107407655
129 0.981342331788425
130 0.597749047149533
131 0.688336234412238
132 0.998591397205766
133 0.645616704679853
134 0.632573501450102
135 0.996098027866266
136 0.703537519803981
137 0.587755594563164
138 0.974108588884964
139 0.767361553579728
140 0.556823494236377
141 0.934774928830832
142 0.832165430160701
143 0.541693896419804
144 0.881851609732824
145 0.892587206018727
146 0.543270020164989
147 0.820195291981954
148 0.94330914746625
149 0.561458833541374
150 0.755174250333654
151 0.979637197739987
152 0.595168893308235
153 0.692100973998374
154 0.99808354836122
155 0.642291570972316
156 0.635774655204429
157 0.996837682778562
158 0.69969623579576
159 0.590175801542051
160 0.976022713787931
161 0.763288833668259
162 0.558308857022041
163 0.93767770704753
164 0.828186175474932
165 0.542154519032947
166 0.885470144918364
167 0.889040965429273
168 0.542678739593235
169 0.824204754978174
170 0.940516332297783
171 0.559850579585083
172 0.759235211708755
173 0.977861629867343
174 0.592641489053997
175 0.695892352322726
176 0.99749810448826
177 0.639006936022834
178 0.639018052427667
179 0.99750022970058
180 0.695879396454538
181 0.592650006129796
182 0.977867795490695
183 0.759221369938349
184 0.559855952715134
185 0.940525938446878
186 0.824191124162532
187 0.542680642377526
188 0.889053105726275
189 0.88545788130351
190 0.542152839120663
191 0.828199754764439
192 0.93766791332422
193 0.558303693516378
194 0.763302695499559
195 0.976016311813214
196 0.590167467321688
197 0.699709276795237
198 0.996835294511301
199 0.635763681202134
200 0.642302826803682
201 0.998085409687778
202 0.692088107004029
203 0.595177591110715
204 0.979643124639765
205 0.755160432937967
206 0.561464415022016
207 0.943318562459782
208 0.820181614195977
209 0.543272145383223
210 0.892599218675721
211 0.881839227151643
212 0.541692439765928
213 0.832178953366984
214 0.934764951175588
215 0.556818541576034
216 0.767375431131936
217 0.974101953018285
218 0.587747445273269
219 0.7035506421494
220 0.996095377477225
221 0.632562672774757
222 0.645628096910453
223 0.99859299391856
224 0.688323459990745
225 0.597757923496232
226 0.981348017680938
227 0.751107285341952
228 0.563133862113618
229 0.946054536684442
230 0.816158982908398
231 0.543928891802255
232 0.896107219204382
233 0.87818628481143
234 0.541297647383749
235 0.836141012695675
236 0.93180852409704
237 0.55539547449516
238 0.77145214054421
239 0.972119288325837
240 0.585382024295261
241 0.707415330669063
242 0.995278642405914
243 0.629404761814107
244 0.648992966312005
245 0.999022783826444
246 0.684586535066688
247 0.600390354530926
248 0.982981817241458
249 0.747063181577491
250 0.564863896600131
251 0.94873283743028
252 0.812124566479409
253 0.544650730194375
254 0.899575852258393
255 0.874500343860629
256 0.540968552676851
257 0.840084595071965
258 0.928799727392653
259 0.554034827521066
260 0.775531538581133
261 0.970069077573596
262 0.583071789999509
263 0.711302212424798
264 0.994385408123677
265 0.626290784124273
266 0.652396523657512
267 0.99937461121485
268 0.680878398781411
269 0.603074219702306
270 0.984543892498665
271 0.743029367459422
272 0.566654105506225
273 0.951352460255036
274 0.808079699428214
275 0.545437493910454
276 0.903003872882799
277 0.870782701031246
278 0.540705231206285
279 0.844008363763312
280 0.925739672863795
281 0.552736920443187
282 0.779612333397433
283 0.967952105173167
284 0.580817312227007
285 0.715210145519914
286 0.993416023079751
287 0.623221560168405
288 0.655837842787754
289 0.99964833835442
290 0.677200104383331
291 0.60580883875453
292 0.986033639534798
293 0.739007079835398
294 0.568504060246969
295 0.953912420494576
296 0.804025714114245
297 0.546289001074699
298 0.906390046812128
299 0.867034659626012
300 0.540507743400097
301 0.847910983523749
302 0.922629488242543
303 0.551502057618888
304 0.783693226870839
305 0.965769179677435
306 0.578619145054592
307 0.719137976346198
308 0.992370865146024
309 0.620197895003443
310 0.659315982849133
311 0.999843858062751
312 0.673552691630179
313 0.608593515706296
314 0.987450481677593
315 0.734997546240974
316 0.570413316604629
317 0.956411753784956
318 0.799963940245567
319 0.547205054565593
320 0.90973315106061
321 0.863257528937493
322 0.54037613456031
323 0.851791121140313
324 0.91947031662061
325 0.550330527999024
326 0.78777291502447
327 0.963521133336341
328 0.576477826804274
329 0.723084539849436
330 0.9912503414002
331 0.617220578220978
332 0.662829988415416
333 0.999961093766481
334 0.669937186608451
335 0.611427538873122
336 0.988793869826397
337 0.731001984564627
338 0.572381414706524
339 0.95884951657628
340 0.795895704395283
341 0.548185441995647
342 0.913031974511612
343 0.859452623670214
344 0.540310434868184
345 0.855647445985003
346 0.916263315874249
347 0.549222605153107
348 0.791850088458459
349 0.961208821641425
350 0.574393880055011
351 0.727048659804793
352 0.990054887892589
353 0.614290383894047
354 0.666378889617395
355 0.999999999545659
356 0.666354601561727
357 0.614310180894229
358 0.990063282763446
359 0.727021602722742
360 0.574407879004129
361 0.961224786637909
362 0.791822329526145
363 0.54922993569006
364 0.916285318505821
365 0.8556212633662
366 0.54031065938773
367 0.859478630571949
368 0.913009658085612
369 0.548178547293946
370 0.795923432790665
371 0.958833122859548
372 0.572367811656703
373 0.731029149102073
374 0.988784969396764
375 0.611408070529631
376 0.669961702280637
377 0.999960560160363
378 0.662805934727725
379 0.617240698764265
380 0.991258227450055
381 0.723057598344571
382 0.576492218253607
383 0.963536663554569
384 0.787745134523572
385 0.550338292664382
386 0.919491997427739
387 0.851764771834309
388 0.540376808067473
389 0.863283351119437
390 0.90971052896102
391 0.547198597301637
392 0.799991629106335
393 0.95639493755623
394 0.570400112746221
395 0.735024810040915
396 0.987441079144312
397 0.60857438102664
398 0.673577428071497
399 0.999842791059533
400 0.659292170183925
401 0.62021833387008
402 0.992378239307413
403 0.719111158467153
404 0.578633925497976
405 0.965784269212922
406 0.783665433737281
407 0.551510254601288
408 0.922650839290009
409 0.847884476583706
410 0.540508865740442
411 0.867060288116454
412 0.906367127246619
413 0.546282982746783
414 0.80405335441654
415 0.953895188109009
416 0.568491258765252
417 0.739034434635935
418 0.986023738543928
419 0.605790042639181
420 0.677225054651545
421 0.999646738372016
422 0.655814277701619
423 0.623242312032769
424 0.993422882481719
425 0.715183459240193
426 0.580832478051094
427 0.967966748278168
428 0.779584536531683
429 0.552745547826585
430 0.925760686315125
431 0.84398170826188
432 0.5407068021224
433 0.87080812689339
434 0.902980664141879
435 0.545431915912821
436 0.808107282125206
437 0.951334818211269
438 0.566641709479775
439 0.743056804931835
440 0.984533496885133
441 0.603055766944865
442 0.680903555840579
443 0.999372478879828
444 0.652373212608212
445 0.626311843555216
446 0.994391750093429
447 0.711275665640863
448 0.583087337483679
449 0.970083268660244
450 0.775503746845232
451 0.554043883284567
452 0.928820395514051
453 0.840057800097499
454 0.54097057180832
455 0.87452555819652
456 0.899552362711391
457 0.544645593817358
458 0.812152082504563
459 0.948714792366968
460 0.564851909000972
461 0.747090693328493
462 0.982970931026883
463 0.600372249817956
464 0.684611891788361
465 0.999020119973662
466 0.648969915657621
467 0.629426123275342
468 0.995284464470339
469 0.707388931198495
470 0.585397949611552
471 0.972133021969204
472 0.771424362758862
473 0.555404956512844
474 0.93182883926129
475 0.836114087348499
476 0.541300114267105
477 0.878211278765898
478 0.896083457295434
479 0.543924198232415
480 0.816186423178798
481 0.946036095376728
482 0.563122285807372
483 0.751134862915998
484 0.981336645071364
485 0.597740171407119
486 0.688349009155224
487 0.998589799590686
488 0.645605312908578
489 0.632584330625277
490 0.996100677364326
491 0.703524397729122
492 0.587763744486317
493 0.974115223959372
494 0.767347676073665
495 0.556828447616785
496 0.934784905865927
497 0.832151906755688
498 0.541695353834604
499 0.88186399191627
500 0.892575192919743
501 0.543267895703472
502 0.820208969615698
503 0.943299731815714
504 0.561453252768068
505 0.755188067819642
506 0.979631270023288
507 0.595160196117563
508 0.692113841301688
509 0.998081686134681
510 0.642280315610673
511 0.635785629696681
512 0.996840070151491
