x
1 0.570796326794897
2 0.429203673205103
3 1.4292036732051
4 2.4292036732051
5 2.85398163397448
6 1.85398163397448
7 0.853981633974483
8 0.146018366025517
9 1.14601836602552
10 2.14601836602552
11 3.13716694115407
12 2.13716694115407
13 1.13716694115407
14 0.137166941154069
15 0.862833058845931
16 1.86283305884593
17 2.86283305884593
18 2.42035224833366
19 1.42035224833366
20 0.420352248333656
21 0.579647751666344
22 1.57964775166634
23 2.57964775166634
24 2.70353755551324
25 1.70353755551324
26 0.703537555513243
27 0.296462444486757
28 1.29646244448676
29 2.29646244448676
30 2.98672286269283
31 1.98672286269283
32 0.986722862692829
33 0.0132771373071684
34 1.01327713730717
35 2.01327713730717
36 3.01327713730717
37 2.26990816987242
38 1.26990816987242
39 0.269908169872415
40 0.730091830127584
41 1.73009183012758
42 2.73009183012758
43 2.553093477052
44 1.553093477052
45 0.553093477052002
46 0.446906522947998
47 1.446906522948
48 2.446906522948
49 2.83627878423159
50 1.83627878423159
51 0.836278784231588
52 0.163721215768411
53 1.16372121576841
54 2.16372121576841
55 3.11946409141118
56 2.11946409141117
57 1.11946409141117
58 0.119464091411175
59 0.880535908588825
60 1.88053590858883
61 2.88053590858883
62 2.40264939859076
63 1.40264939859076
64 0.402649398590762
65 0.597350601409239
66 1.59735060140924
67 2.59735060140924
68 2.68583470577035
69 1.68583470577035
70 0.685834705770348
71 0.314165294229652
72 1.31416529422965
73 2.31416529422965
74 2.96902001294993
75 1.96902001294993
76 0.969020012949934
77 0.0309799870500642
78 1.03097998705007
79 2.03097998705007
80 3.03097998705007
81 2.25220532012952
82 1.25220532012952
83 0.252205320129521
84 0.747794679870479
85 1.74779467987048
86 2.74779467987048
87 2.53539062730911
88 1.53539062730911
89 0.535390627309107
90 0.464609372690893
91 1.46460937269089
92 2.46460937269089
93 2.81857593448869
94 1.81857593448869
95 0.818575934488694
96 0.181424065511306
97 1.18142406551131
98 2.18142406551131
99 3.10176124166828
100 2.10176124166828
101 1.10176124166828
102 0.101761241668281
103 0.89823875833172
104 1.89823875833172
105 2.89823875833172
106 2.38494654884787
107 1.38494654884787
108 0.384946548847867
109 0.615053451152133
110 1.61505345115213
111 2.61505345115213
112 2.66813185602745
113 1.66813185602745
114 0.668131856027453
115 0.331868143972547
116 1.33186814397255
117 2.33186814397255
118 2.95131716320704
119 1.95131716320704
120 0.95131716320704
121 0.0486828367929605
122 1.04868283679296
123 2.04868283679296
124 3.04868283679296
125 2.23450247038663
126 1.23450247038663
127 0.234502470386626
128 0.765497529613374
129 1.76549752961337
130 2.76549752961337
131 2.51768777756621
132 1.51768777756621
133 0.517687777566213
134 0.482312222433787
135 1.48231222243379
136 2.48231222243379
137 2.8008730847458
138 1.8008730847458
139 0.800873084745799
140 0.199126915254201
141 1.1991269152542
142 2.1991269152542
143 3.08405839192539
144 2.08405839192539
145 1.08405839192539
146 0.0840583919253859
147 0.915941608074614
148 1.91594160807461
149 2.91594160807461
150 2.36724369910497
151 1.36724369910497
152 0.367243699104972
153 0.632756300895028
154 1.63275630089503
155 2.63275630089503
156 2.65042900628456
157 1.65042900628456
158 0.650429006284559
159 0.349570993715441
160 1.34957099371544
161 2.34957099371544
162 2.93361431346415
163 1.93361431346415
164 0.933614313464145
165 0.0663856865358557
166 1.06638568653585
167 2.06638568653585
168 3.06638568653586
169 2.21679962064373
170 1.21679962064373
171 0.216799620643731
172 0.783200379356269
173 1.78320037935627
174 2.78320037935627
175 2.49998492782332
176 1.49998492782332
177 0.499984927823318
178 0.500015072176682
179 1.50001507217668
180 2.50001507217668
181 2.7831702350029
182 1.7831702350029
183 0.783170235002905
184 0.216829764997096
185 1.2168297649971
186 2.2168297649971
187 3.06635554218249
188 2.06635554218249
189 1.06635554218249
190 0.0663555421824904
191 0.933644457817509
192 1.93364445781751
193 2.93364445781751
194 2.34954084936208
195 1.34954084936208
196 0.349540849362078
197 0.650459150637923
198 1.65045915063792
199 2.65045915063792
200 2.63272615654166
201 1.63272615654166
202 0.632726156541664
203 0.367273843458336
204 1.36727384345834
205 2.36727384345834
206 2.91591146372125
207 1.91591146372125
208 0.91591146372125
209 0.0840885362787503
210 1.08408853627875
211 2.08408853627875
212 3.08408853627875
213 2.19909677090084
214 1.19909677090084
215 0.199096770900837
216 0.800903229099163
217 1.80090322909916
218 2.80090322909916
219 2.48228207808042
220 1.48228207808042
221 0.482282078080423
222 0.517717921919577
223 1.51771792191958
224 2.51771792191958
225 2.76546738526001
226 1.76546738526001
227 0.76546738526001
228 0.23453261473999
229 1.23453261473999
230 2.23453261473999
231 3.0486526924396
232 2.0486526924396
233 1.0486526924396
234 0.0486526924395971
235 0.951347307560404
236 1.9513473075604
237 2.9513473075604
238 2.33183799961918
239 1.33183799961918
240 0.331837999619183
241 0.668162000380817
242 1.66816200038082
243 2.66816200038082
244 2.61502330679877
245 1.61502330679877
246 0.615023306798769
247 0.384976693201231
248 1.38497669320123
249 2.38497669320123
250 2.89820861397836
251 1.89820861397836
252 0.898208613978356
253 0.101791386021644
254 1.10179138602164
255 2.10179138602164
256 3.10179138602164
257 2.18139392115794
258 1.18139392115794
259 0.181393921157942
260 0.818606078842058
261 1.81860607884206
262 2.81860607884206
263 2.46457922833753
264 1.46457922833753
265 0.464579228337529
266 0.535420771662471
267 1.53542077166247
268 2.53542077166247
269 2.74776453551712
270 1.74776453551712
271 0.747764535517115
272 0.252235464482885
273 1.25223546448288
274 2.25223546448288
275 3.0309498426967
276 2.0309498426967
277 1.0309498426967
278 0.0309498426967028
279 0.969050157303298
280 1.9690501573033
281 2.9690501573033
282 2.31413514987629
283 1.31413514987629
284 0.314135149876288
285 0.685864850123712
286 1.68586485012371
287 2.68586485012371
288 2.59732045705587
289 1.59732045705587
290 0.597320457055875
291 0.402679542944125
292 1.40267954294413
293 2.40267954294413
294 2.88050576423546
295 1.88050576423546
296 0.880505764235461
297 0.119494235764539
298 1.11949423576454
299 2.11949423576454
300 3.11949423576454
301 2.16369107141505
302 1.16369107141505
303 0.163691071415048
304 0.836308928584953
305 1.83630892858495
306 2.83630892858495
307 2.44687637859463
308 1.44687637859463
309 0.446876378594634
310 0.553123621405366
311 1.55312362140537
312 2.55312362140537
313 2.73006168577422
314 1.73006168577422
315 0.73006168577422
316 0.26993831422578
317 1.26993831422578
318 2.26993831422578
319 3.01324699295381
320 2.01324699295381
321 1.01324699295381
322 0.0132469929538098
323 0.986753007046193
324 1.98675300704619
325 2.98675300704619
326 2.29643230013339
327 1.29643230013339
328 0.296432300133394
329 0.703567699866606
330 1.70356769986661
331 2.70356769986661
332 2.57961760731298
333 1.57961760731298
334 0.57961760731298
335 0.42038239268702
336 1.42038239268702
337 2.42038239268702
338 2.86280291449257
339 1.86280291449257
340 0.862802914492566
341 0.137197085507433
342 1.13719708550743
343 2.13719708550743
344 3.13719708550743
345 2.14598822167215
346 1.14598822167215
347 0.145988221672153
348 0.854011778327847
349 1.85401177832785
350 2.85401177832785
351 2.42917352885174
352 1.42917352885174
353 0.429173528851739
354 0.570826471148261
355 1.57082647114826
356 2.57082647114826
357 2.71235883603133
358 1.71235883603133
359 0.712358836031326
360 0.287641163968674
361 1.28764116396867
362 2.28764116396867
363 2.99554414321091
364 1.99554414321091
365 0.995544143210912
366 0.00445585678907591
367 1.00445585678909
368 2.00445585678909
369 3.00445585678909
370 2.2787294503905
371 1.2787294503905
372 0.278729450390499
373 0.721270549609501
374 1.7212705496095
375 2.7212705496095
376 2.56191475757009
377 1.56191475757009
378 0.561914757570085
379 0.438085242429915
380 1.43808524242991
381 2.43808524242991
382 2.84510006474967
383 1.84510006474967
384 0.845100064749672
385 0.154899935250329
386 1.15489993525033
387 2.15489993525033
388 3.12828537192926
389 2.12828537192926
390 1.12828537192926
391 0.128285371929258
392 0.871714628070742
393 1.87171462807074
394 2.87171462807074
395 2.41147067910884
396 1.41147067910884
397 0.411470679108845
398 0.588529320891155
399 1.58852932089116
400 2.58852932089116
401 2.69465598628843
402 1.69465598628843
403 0.694655986288431
404 0.305344013711569
405 1.30534401371157
406 2.30534401371157
407 2.97784129346802
408 1.97784129346802
409 0.977841293468018
410 0.0221587065319821
411 1.02215870653198
412 2.02215870653198
413 3.02215870653198
414 2.2610266006476
415 1.2610266006476
416 0.261026600647604
417 0.738973399352396
418 1.7389733993524
419 2.7389733993524
420 2.54421190782719
421 1.54421190782719
422 0.54421190782719
423 0.455788092172809
424 1.45578809217281
425 2.45578809217281
426 2.82739721500678
427 1.82739721500678
428 0.827397215006777
429 0.172602784993223
430 1.17260278499322
431 2.17260278499322
432 3.11058252218636
433 2.11058252218636
434 1.11058252218636
435 0.110582522186364
436 0.889417477813636
437 1.88941747781364
438 2.88941747781364
439 2.39376782936595
440 1.39376782936595
441 0.39376782936595
442 0.60623217063405
443 1.60623217063405
444 2.60623217063405
445 2.67695313654554
446 1.67695313654554
447 0.676953136545536
448 0.323046863454464
449 1.32304686345446
450 2.32304686345446
451 2.96013844372512
452 1.96013844372512
453 0.960138443725123
454 0.0398615562748762
455 1.03986155627488
456 2.03986155627488
457 3.03986155627488
458 2.24332375090471
459 1.24332375090471
460 0.24332375090471
461 0.756676249095291
462 1.75667624909529
463 2.75667624909529
464 2.5265090580843
465 1.5265090580843
466 0.526509058084296
467 0.473490941915704
468 1.4734909419157
469 2.4734909419157
470 2.80969436526388
471 1.80969436526388
472 0.809694365263882
473 0.190305634736118
474 1.19030563473612
475 2.19030563473612
476 3.09287967244347
477 2.09287967244347
478 1.09287967244347
479 0.092879672443469
480 0.907120327556531
481 1.90712032755653
482 2.90712032755653
483 2.37606497962306
484 1.37606497962306
485 0.376064979623055
486 0.623935020376945
487 1.62393502037694
488 2.62393502037694
489 2.65925028680264
490 1.65925028680264
491 0.659250286802642
492 0.340749713197358
493 1.34074971319736
494 2.34074971319736
495 2.94243559398223
496 1.94243559398223
497 0.942435593982228
498 0.0575644060177714
499 1.05756440601777
500 2.05756440601777
501 3.05756440601777
502 2.22562090116181
503 1.22562090116181
504 0.225620901161815
505 0.774379098838185
506 1.77437909883819
507 2.77437909883819
508 2.5088062083414
509 1.5088062083414
510 0.508806208341401
511 0.491193791658599
512 1.4911937916586
